#UAVs Initialization time   Number of stalls        Stall time                      Avg. Time per Stall
#   Avg         Std error   Avg         Std error   Avg             Std error       Avg	        Std error
1	1057,654543	61,635203	0,000000	0,000000	0,000000	    0,000000        0,000000	0,000000
2	1064,572559	38,040305	0,000000	0,000000	0,000000	    0,000000	    0,000000	0,000000
3	1031,305942	28,284190	0,066667	0,061606	3,277856	    3,112528	    2,733339	2,497394
4	1012,819554	23,663590	0,325000	0,111427	16,296433	    7,184343	    13,458467	5,770335
5	824,841540	35,090485	7,186667	2,550897	191,082701	    64,725595	    11,932565	4,937452
6	826,540071	18,866316	7,722222	4,017376	200,640678	    75,635686	    34,905616	7,485999
7	929,581478	15,912583	7,371429	2,275190	440,528042	    78,779199	    88,604032	10,539806
8	966,582996	15,352080	19,225000	4,749072	1548,403490	    247,284661	    164,057509	16,061684
9	957,469609	15,416491	33,381481	7,605572	2298,420014	    256,059695	    192,054286	17,238405



# Random Way Point Walk                                                             
1	1214,615761	61,842956	0,000000	0,000000	0,000000		0,000000        0,000000	0,000000
2	1213,885265	73,086621	0,250000	0,122359	16,379466		15,219413       15,864975	15,150082
3	1219,772567	48,274367	2,011111	0,872092	174,624198		57,919080       70,152050	16,760164
4	1251,034369	40,835667	6,600000	2,570507	448,369002		113,846115      107,215280	21,811758
5	1290,612083	29,505670	14,633333	2,174309	2243,250384		99,634492       118,823723	16,800179
6	1281,604171	32,184291	14,844444	4,321178	2261,523403		353,444790      221,055967	25,408093
7	1047,818461	22,661056	24,471429	6,096111	1771,904115		266,060191      167,962076	29,831305
8	1058,545444	25,537433	47,566667	8,106796	3483,323477		413,189007      228,470406	37,495689
9	1279,253220	27,352505	53,307407	9,134549	10167,438844	816,963764      650,688923	86,502433

