#Number or UAVs	Initialization time	Number of stalls		Stall time	
#	Avg		Std error	Avg		Std error	Avg		Std error
1   1057,654543 84,993820   0,000000    0,000000    0,000000    0,000000
2   1064,572559 51,060598   0,000000    0,000000    0,000000    0,000000
3   1031,305942 39,732633   0,066667    0,000000    3,277856    0,000000
4   1012,819554 36,069350   0,325000    0,209395    16,296433   13,911381
5   824,841540  95,789930   7,186667    7,116938    191,082701  177,704536
6   826,540071  29,960122   7,722222    6,436904    200,640678  156,721106
7   929,581478  15,912583   7,371429    2,275190    440,528042  78,779199
8   966,582996  29,311979   19,225000   11,458090   1548,403490 489,610486
9   957,469609  19,133690   33,381481   7,015932    2298,420014 400,931253